# From http://tools.medialab.sciences-po.fr/iwanthue/

breakdown_colors <- c(
  "#df9633",
  "#8ad3c7",
  "#d142a2",
  "#3b2570",
  "#6236c6",
  "#9b6229",
  "#52b938",
  "#46852a",
  "#db704e",
  "#77ec99",
  "#78e94d",
  "#525d24",
  "#92c136",
  "#938e76",
  "#73b3d7",
  "#be7fda",
  "#94b878",
  "#cab941",
  "#d6aa79",
  "#dde539",
  "#d48780",
  "#d47dab",
  "#447d82",
  "#db4525",
  "#50bb6c",
  "#736f9f",
  "#2b3b26",
  "#d1b2da",
  "#c4e675",
  "#d0d0c8",
  "#dc4167",
  "#65442d",
  "#451d28",
  "#8d3026",
  "#c446d4",
  "#2c314c",
  "#7a306c",
  "#4fdcc2",
  "#d9e29f",
  "#943a55",
  "#597dd1",
  "#458258",
  "#8d8735",
  "#7456c7",
  "#876d7b"
)


